%YAML:1.0
CameraMat: !!opencv-matrix
  rows: 3
  cols: 3
  dt: d
  data: [1366.705369941692, 0, 1233.153436713064,
         0, 1365.71651599596, 1030.46370792338,
         0, 0, 1]

DistCoeffs: !!opencv-matrix
  rows: 5
  cols: 1
  dt: d
  data: [-0.3083563363358555, 0.1360475882838828, 0.0003318770932962243, 0.001486313267772924, -0.03813126643218833]

Camera.width: 2448
Camera.height: 2048